Gear 1,Mass 1,PitchD 1,FOS 1,Width 1,Gear 2,Mass 2,PitchD 2,FOS 2,Width 2,Gear 3,Mass 3,PitchD 3,FOS 3,Width 3,Gear 4,Mass 4,PitchD 4,FOS 4,Width 4,Total Reduction,Reduction 1,Reduction 2,Total Mass,Center to Center Length
35_2,0.61,70.0,1.3,1.031,60_2,1.84,120.0,1.409,1.031,20_3,0.67,60.0,1.3,1.698,40_3,2.86,120.0,1.588,1.698,3.429,1.7142857142857142,2.0,3.261,185.0
35_2,0.61,70.0,1.3,1.031,60_2,1.84,120.0,1.409,1.031,25_2.5,0.6,62.5,1.3,1.775,50_2.5,2.46,125.0,1.521,1.775,3.429,1.7142857142857142,2.0,3.436,188.75
15_3,0.35,45.0,1.3,1.54,36_3,2.23,108.0,1.799,1.54,35_2.5,1.19,87.5,1.3,1.585,50_2.5,2.46,125.0,1.358,1.585,3.429,2.4,1.4285714285714286,3.638,182.75
15_3,0.35,45.0,1.3,1.54,40_3,2.86,120.0,1.852,1.54,35_2.5,1.19,87.5,1.3,1.761,45_2.5,2.0,112.5,1.325,1.761,3.429,2.6666666666666665,1.2857142857142858,3.895,182.5
18_3,0.54,54.0,1.3,1.159,40_3,2.86,120.0,1.672,1.159,25_3,1.06,75.0,1.3,1.6,40_3,2.86,120.0,1.443,1.6,3.556,2.2222222222222223,1.6,3.404,184.5
18_2.5,0.32,45.0,1.3,1.668,45_2.5,2.0,112.5,1.722,1.668,35_2.5,1.19,87.5,1.3,1.651,48_2.5,2.27,120.0,1.345,1.651,3.429,2.5,1.3714285714285714,3.833,182.5
18_2.5,0.32,45.0,1.3,1.668,45_2.5,2.0,112.5,1.722,1.668,35_2.5,1.19,87.5,1.3,1.651,50_2.5,2.46,125.0,1.358,1.651,3.571,2.5,1.4285714285714286,3.958,185.0
18_2.5,0.32,45.0,1.3,1.668,45_2.5,2.0,112.5,1.722,1.668,36_2.5,1.26,90.0,1.3,1.591,50_2.5,2.46,125.0,1.346,1.591,3.472,2.5,1.3888888888888888,3.915,186.25
18_2.5,0.32,45.0,1.3,1.668,48_2.5,2.2,120.0,1.747,1.668,30_3,1.48,90.0,1.3,1.498,40_3,2.86,120.0,1.351,1.498,3.556,2.6666666666666665,1.3333333333333333,3.848,187.5
18_2.5,0.32,45.0,1.3,1.668,48_2.5,2.27,120.0,1.747,1.668,35_2.5,1.19,87.5,1.3,1.761,45_2.5,2.0,112.5,1.325,1.761,3.429,2.6666666666666665,1.2857142857142858,3.975,182.5
20_2.5,0.39,50.0,1.3,1.427,48_2.5,2.27,120.0,1.661,1.427,35_2.5,1.19,87.5,1.3,1.585,50_2.5,2.46,125.0,1.358,1.585,3.429,2.4,1.4285714285714286,3.832,191.25
20_2.5,0.39,50.0,1.3,1.427,50_2.5,2.46,125.0,1.676,1.427,25_3,1.06,75.0,1.3,1.801,36_3,2.23,108.0,1.402,1.801,3.6,2.5,1.44,3.602,179.0
20_2.5,0.39,50.0,1.3,1.427,50_2.5,2.46,125.0,1.676,1.427,35_2.5,1.19,87.5,1.3,1.651,48_2.5,2.27,120.0,1.345,1.651,3.429,2.5,1.3714285714285714,3.912,191.25
20_2.5,0.39,50.0,1.3,1.427,50_2.5,2.46,125.0,1.676,1.427,36_2.5,1.26,90.0,1.3,1.591,50_2.5,2.46,125.0,1.346,1.591,3.472,2.5,1.3888888888888888,3.994,195.0
